30
25
7 1 1 1
9 1 1 1
10 2 1 1
4 1 1 1 1
2 1 1 1 3 7
2 1 1 1 1 1 1 5
1 2 1 1 1 2
2 2 1 1 1 1
7 1 1 1 1
2 1 3 1 2 1
1 2 1 1 3
2 1 2 7 1
2 2 11 1
1 2 1 10
1 3 1 7
1 1 5 1 3
7 6 2
7 1 4 1
7 1 7
7 1 6
6 1 4
6 1 2
7 1 1
9 1 1
6 1 2 1
9 2 1
5 2 2 1
4 2 3 1
4 1 3 1
8 8
4 9
7 4 13
4 3 14
6 1 14
3 1 14
3 1 2 11 1
3 2 1 2 11 1
3 4 2 2 2 1
3 3 2 2 1 3 1
6 5 3 3
1 1 
11 10
3 1 1 6 2
6 3 1 2
3 2 2
15 1
1 4 4 2
6 4 3 2
2 1 3 3 2
2 2 4 3 1
3 1 4 4 1
30
1
1
1
