40
40
23 2 5 3
20 2 5 5
17 3 5 3 5
17 2 3 3 2 5
16 7 1 7
6 12 3 2 4
4 8 3 2 2 3
3 13 3 1 2
3 11 12
6 8 9
2 5 16
1 4 14
2 15 1
4 8 3
5 6 3
5 3 4
5 3 5
7 3 3 1 7
2 3 5 3 3 2
1 2 2 5 3 2 5 1
5 1 3 4 4 1 5
10 1 10 4 9
5 2 2 4
9 5 1 2 2 2 10
7 4 1 4
8 1 3 1 4 6 8
1 3 2 2 8
8 1 3 9 4 1 7
4 4 4 1
6 1 3 1 4 5 6
4 1 1 4 2 2 1
2 1 3 1 1 3 2 3 4
6 1 1 2 2 4
1 5 1 2 2 4 2
6 1 1 1 6
5 2 2 2 5
4 1 1 1 4
3 3 3 3 3
2 4 3 3 2
1 5 2 4 1
12 9 1 1 1 1 1 7
11 7 2 1 1 1 1 1 5
10 6 2 1 1 1 1 6
7 1 5 2 1 1 1 1 5
6 1 4 3 1 1 1 1 5
6 2 3 1 1 1 1 1 3
5 1 2 1 1 1 1 4
5 1 2 1 1 1 1 4
5 1 3 1 2
5 2 1 4 2
5 1 2 3 2
6 1 4 11
6 2 12 1
7 1 4 14 3
9 1 2 3 5
13 1 3 3
4 8 3 2 1
2 10 1 2 1 1
2 12 2 1 2 4
15 2 1 11
1 1 13 1 13 2
1 1 2 9 4 2 5 5
1 2 9 6 1 3
4 2 5 6 1
4 3 4 2 2 2
1 2 2 3 2
1 3 4 3 6
1 1 2 3 15
2 1 1 5 17 3
2 1 5 3 6 5
2 1 5 1 2 2 3
3 2 3 1 3 2 1
3 4 2 1 1 1 2
5 2 3 1 1 1 1 4
2 2 3 1 1 1 1 1 3
4 1 2 3 1 1 1 1 4
6 1 3 2 1 1 1 1 1 4
7 1 5 2 1 1 1 1 1 4
9 6 2 1 1 1 1 1 6
8 10 1 1 1 1 1 7
